{
    "!": 0.5121951219512195,
    "&": 0.8421052631578947,
    "'": 0.7272727272727273,
    "$": 0.6078431372549019,
    "%": 0.7209302325581395,
    "£": 0.6976744186046512,
    "+": 1,
    "(": 0.4117647058823529,
    ")": 0.4117647058823529,
    ".": 1.05,
    "/": 0.6122448979591837,
    ",": 0.8148148148148148,
    "-": 2.0625,
    "3": 0.7209302325581395,
    "2": 0.7209302325581395,
    "1": 0.6744186046511628,
    "0": 0.7209302325581395,
    "7": 0.7142857142857143,
    "6": 0.7209302325581395,
    "5": 0.7619047619047619,
    "4": 0.7209302325581395,
    ";": 0.5365853658536586,
    ":": 0.6363636363636364,
    "9": 0.7209302325581395,
    "8": 0.7209302325581395,
    "?": 0.7073170731707317,
    "D": 0.925,
    "E": 0.875,
    "F": 0.9,
    "G": 0.926829268292683,
    "@": 0.6041666666666666,
    "A": 1.025,
    "B": 0.925,
    "C": 0.8780487804878049,
    "L": 0.925,
    "M": 1,
    "N": 0.975,
    "O": 0.9024390243902439,
    "H": 0.9,
    "I": 0.775,
    "J": 0.925,
    "K": 0.925,
    "U": 0.95,
    "T": 0.925,
    "W": 1.025,
    "V": 1,
    "Q": 0.8043478260869565,
    "P": 0.9,
    "S": 0.8292682926829268,
    "R": 0.975,
    "Y": 0.925,
    "X": 0.925,
    "Z": 0.775,
    "f": 0.7441860465116279,
    "g": 0.8,
    "d": 0.8604651162790697,
    "e": 1.0285714285714285,
    "b": 0.8604651162790697,
    "c": 1,
    "a": 1.0285714285714285,
    "n": 1.0285714285714285,
    "o": 1.0571428571428572,
    "l": 0.7674418604651163,
    "m": 1.1714285714285715,
    "j": 0.509090909090909,
    "k": 0.8604651162790697,
    "h": 0.8372093023255814,
    "i": 0.7777777777777778,
    "w": 1.2352941176470589,
    "v": 1.1470588235294117,
    "u": 1.0588235294117647,
    "t": 0.9,
    "s": 0.9142857142857143,
    "r": 1.0285714285714285,
    "q": 0.8222222222222222,
    "p": 0.8222222222222222,
    "z": 0.9411764705882353,
    "y": 0.8636363636363636,
    "x": 1.088235294117647
}