{
    "!": 0.8367453249707747,
    "&": 1.1246217052311134,
    "'": 0.3844876134814761,
    "$": 1.329589818519159,
    "%": 1.1928414510577483,
    "£": 1.1640940591032907,
    "+": 1.223432094487428,
    "(": 0.9622864621655256,
    ")": 0.9622864621655256,
    ".": 0.47523940956805755,
    "/": 1.2655036625684035,
    ",": 0.647189091849203,
    "-": 0.5322989975236084,
    "3": 1.1928414510577483,
    "2": 1.1928414510577483,
    "1": 1.1346185392093666,
    "0": 1.1928414510577483,
    "7": 1.1463205870016604,
    "6": 1.1928414510577483,
    "5": 1.2022711744869432,
    "4": 1.1928414510577483,
    ";": 0.8739519888168067,
    ":": 0.7207362497718363,
    "9": 1.1928414510577483,
    "8": 1.1928414510577483,
    "?": 1.0996988033237474,
    "D": 1.2896106603768678,
    "E": 1.2409284365306594,
    "F": 1.2655036625684035,
    "G": 1.334983714170072,
    "@": 1.2175441093580077,
    "A": 1.3818394251475565,
    "B": 1.2896106603768678,
    "C": 1.286422495646944,
    "L": 1.2896106603768678,
    "M": 1.35936899387492,
    "N": 1.33652082891547,
    "O": 1.31092798322521,
    "H": 1.2655036625684035,
    "I": 1.13732969848499,
    "J": 1.2896106603768678,
    "K": 1.2896106603768678,
    "U": 1.31327521515533,
    "T": 1.2896106603768678,
    "W": 1.3818394251475565,
    "V": 1.35936899387492,
    "Q": 1.4126976981750885,
    "P": 1.2655036625684035,
    "S": 1.2359547554476673,
    "R": 1.33652082891547,
    "Y": 1.2896106603768678,
    "X": 1.2896106603768678,
    "Z": 1.13732969848499,
    "f": 1.2209121492898387,
    "g": 1.3669001816652102,
    "d": 1.3525550712978114,
    "e": 1.1552415043235347,
    "b": 1.3525550712978114,
    "c": 1.1328074948957667,
    "a": 1.1552415043235347,
    "n": 1.1552415043235347,
    "o": 1.1772480818125737,
    "l": 1.248351803461473,
    "m": 1.2614410400054803,
    "j": 1.2896106603768678,
    "k": 1.3525550712978114,
    "h": 1.3272714386934756,
    "i": 1.3403559037393133,
    "w": 1.2557312872667452,
    "v": 1.1954205707197432,
    "u": 1.1319008861111626,
    "t": 1.2655036625684035,
    "s": 1.0626676253810408,
    "r": 1.1552415043235347,
    "q": 1.3929387153008341,
    "p": 1.3929387153008341,
    "z": 1.0411973793434464,
    "y": 1.3980882290375842,
    "x": 1.1534628404444285
}