{
    "!": 0.7611255944171484,
    "&": 1.5491957795592277,
    "'": 0.40114841063462114,
    "$": 1.3729761148210624,
    "%": 1.5491957795592277,
    "£": 1.4093307475254537,
    "+": 1.150713736750849,
    "(": 1.1763980649636714,
    ")": 1.1763980649636714,
    ".": 0.33562483988566433,
    "/": 1.2865370690088485,
    ",": 0.4394360668238545,
    "-": 0.42884568966961617,
    "3": 1.2865370690088485,
    "2": 1.2539612228602544,
    "1": 1.2539612228602544,
    "0": 1.3796573032546742,
    "7": 1.349331461475373,
    "6": 1.3796573032546742,
    "5": 1.2865370690088485,
    "4": 1.4093307475254537,
    ";": 0.71759609219601,
    ":": 0.6591541002357818,
    "9": 1.3796573032546742,
    "8": 1.3796573032546742,
    "?": 1.2539612228602544,
    "D": 1.3796573032546742,
    "E": 1.2539612228602544,
    "F": 1.2865370690088485,
    "G": 1.4093307475254537,
    "@": 1.5756796771237538,
    "A": 1.5491957795592277,
    "B": 1.3796573032546742,
    "C": 1.4093307475254537,
    "L": 1.2865370690088485,
    "M": 1.3796573032546742,
    "N": 1.3183082004715636,
    "O": 1.4383921709385614,
    "H": 1.3183082004715636,
    "I": 1.1861285703682365,
    "J": 1.2205162296915557,
    "K": 1.4383921709385614,
    "U": 1.3183082004715636,
    "T": 1.4948209927649316,
    "W": 1.5491957795592277,
    "V": 1.5491957795592277,
    "Q": 1.5844092712216273,
    "P": 1.3183082004715636,
    "S": 1.2865370690088485,
    "R": 1.3796573032546742,
    "Y": 1.4948209927649316,
    "X": 1.5222511888342969,
    "Z": 1.3183082004715636,
    "f": 1.2865370690088485,
    "g": 1.428770710640835,
    "d": 1.349331461475373,
    "e": 1.1948182731352788,
    "b": 1.349331461475373,
    "c": 1.1685553237632567,
    "a": 1.1685553237632567,
    "n": 1.1416883916257226,
    "o": 1.1948182731352788,
    "l": 1.2539612228602544,
    "m": 1.2456841606374431,
    "j": 1.2167433729686306,
    "k": 1.3796573032546742,
    "h": 1.3183082004715636,
    "i": 0.9965473285099544,
    "w": 1.2703535685727543,
    "v": 1.2205162296915557,
    "u": 1.1416883916257226,
    "t": 1.250289293387644,
    "s": 1.114173784672036,
    "r": 1.0569980606440903,
    "q": 1.3679438091358225,
    "p": 1.3679438091358225,
    "z": 1.1416883916257226,
    "y": 1.428770710640835,
    "x": 1.1948182731352788
}