{
    "!": 0.3695652173913043,
    "&": 0.8478260869565217,
    "'": 0.625,
    "$": 0.5882352941176471,
    "%": 0.8478260869565217,
    "£": 0.7391304347826086,
    "+": 1,
    "(": 0.4528301886792453,
    ")": 0.4528301886792453,
    ".": 1,
    "/": 0.6521739130434783,
    ",": 0.7727272727272727,
    "-": 1.7333333333333334,
    "3": 0.6521739130434783,
    "2": 0.6304347826086957,
    "1": 0.6304347826086957,
    "0": 0.717391304347826,
    "7": 0.6956521739130435,
    "6": 0.717391304347826,
    "5": 0.6521739130434783,
    "4": 0.7391304347826086,
    ";": 0.40476190476190477,
    ":": 0.4594594594594595,
    "9": 0.717391304347826,
    "8": 0.717391304347826,
    "?": 0.6304347826086957,
    "D": 0.717391304347826,
    "E": 0.6304347826086957,
    "F": 0.6521739130434783,
    "G": 0.7391304347826086,
    "@": 0.74,
    "A": 0.8478260869565217,
    "B": 0.717391304347826,
    "C": 0.7391304347826086,
    "L": 0.6521739130434783,
    "M": 0.717391304347826,
    "N": 0.6739130434782609,
    "O": 0.7608695652173914,
    "H": 0.6739130434782609,
    "I": 0.5869565217391305,
    "J": 0.6086956521739131,
    "K": 0.7608695652173914,
    "U": 0.6739130434782609,
    "T": 0.8043478260869565,
    "W": 0.8478260869565217,
    "V": 0.8478260869565217,
    "Q": 0.6923076923076923,
    "P": 0.6739130434782609,
    "S": 0.6521739130434783,
    "R": 0.717391304347826,
    "Y": 0.8043478260869565,
    "X": 0.8260869565217391,
    "Z": 0.6739130434782609,
    "f": 0.6521739130434783,
    "g": 0.723404255319149,
    "d": 0.6956521739130435,
    "e": 0.8918918918918919,
    "b": 0.6956521739130435,
    "c": 0.8648648648648649,
    "a": 0.8648648648648649,
    "n": 0.8378378378378378,
    "o": 0.8918918918918919,
    "l": 0.6304347826086957,
    "m": 0.9459459459459459,
    "j": 0.42857142857142855,
    "k": 0.717391304347826,
    "h": 0.6739130434782609,
    "i": 0.4782608695652174,
    "w": 0.972972972972973,
    "v": 0.918918918918919,
    "u": 0.8378378378378378,
    "t": 0.6818181818181818,
    "s": 0.8108108108108109,
    "r": 0.7567567567567568,
    "q": 0.6808510638297872,
    "p": 0.6808510638297872,
    "z": 0.8378378378378378,
    "y": 0.723404255319149,
    "x": 0.8918918918918919
}